16 16 
7 7 7 7 7 7 7 2 4 5 7 7 7 7 7 7 
7 7 7 7 7 7 7 2 2 2 7 7 7 7 7 7 
7 7 7 7 7 7 7 2 2 2 7 7 7 7 7 7 
7 7 7 7 7 7 7 2 2 2 7 7 7 7 7 7 
7 7 7 7 7 2 2 2 2 2 7 7 7 7 7 7 
7 7 7 7 7 7 7 7 2 2 7 7 7 7 7 7 
7 7 7 7 7 7 5 2 2 2 7 7 7 7 7 7 
7 7 7 7 7 7 4 2 2 2 7 7 7 7 7 7 
7 7 7 7 7 7 0 0 2 2 2 7 2 2 2 7 
7 7 7 7 7 7 0 0 2 2 2 2 2 2 9 6 
7 7 7 7 7 7 0 0 2 2 2 2 2 2 2 2 
7 7 7 7 7 7 2 2 2 9 7 2 2 7 2 2 
7 7 7 7 7 9 4 2 2 2 7 7 7 7 7 7 
7 7 7 7 7 8 5 2 2 7 7 7 7 7 7 7 
7 7 7 7 7 7 4 2 2 2 7 7 7 7 7 7 
7 7 7 7 7 7 6 2 2 2 7 7 7 7 7 7 
52 
0 
0 
0 
0 
0 
1 2 1 0 1020 1340 8 11 
1 2 1 0 900 1460 7 12 
1 2 1 2 900 1780 7 14 
1 2 1 1 900 1860 7 15 
0 
0 
0 
0 
0 
1 2 0 1 1100 1020 9 8 
1 2 0 1 1220 1140 10 9 
1 2 0 1 1580 1140 13 9 
1 2 1 0 1620 1100 13 9 
1 2 1 2 1620 1060 13 8 
1 2 2 1 1660 1020 13 8 
1 2 1 1 1740 1020 14 8 
1 2 1 1 1860 1380 15 11 
1 2 2 1 1780 1380 14 11 
1 2 2 1 1660 1260 13 10 
1 2 2 1 1540 1260 12 10 
1 2 1 2 1500 1300 12 10 
1 2 1 0 1500 1340 12 11 
1 2 0 1 1460 1380 12 11 
1 2 1 1 1380 1380 11 11 
1 7 1 1 1860 900 15 7 
1 7 1 1 1620 900 13 7 
1 7 2 1 1420 900 11 7 
1 7 1 2 1380 940 11 7 
1 7 0 1 1340 900 11 7 
1 7 2 1 1300 900 10 7 
1 7 1 0 1260 860 10 7 
1 7 1 2 1260 580 10 4 
1 2 0 1 860 1860 7 15 
1 2 0 0 860 1460 7 12 
1 2 0 0 980 1340 8 11 
1 2 2 1 1060 1020 8 8 
1 2 1 1 1020 540 8 4 
1 2 1 2 900 460 7 3 
1 2 0 2 860 100 7 0 
1 2 1 2 900 100 7 0 
1 2 2 1 940 420 7 3 
1 2 1 2 1140 460 9 3 
1 2 0 1 1100 660 9 5 
1 2 2 1 1180 1020 9 8 
1 2 1 2 1260 1060 10 8 
1 2 1 2 1260 1180 10 9 
1 2 1 1 1260 1260 10 10 
5 
1 2 11 8 7 6 5 14 15 16 17 18 19 20 
1 2 8 28 27 26 25 24 23 22 21 
1 7 8 36 35 34 33 32 31 30 29 
1 2 7 43 42 41 40 39 38 37 
1 2 8 51 50 49 48 47 46 45 44 
9 
2 2 7 0 900 60  
0 
2 2 7 15 900 1860  
2 2 14 8 1740 1020  
0 
2 2 15 11 1860 1380  
2 2 11 11 1380 1380  
2 7 15 7 1860 900  
2 2 10 10 1260 1260 ps
